0
0
50
80
1 2 3 4 5 6 7 8 9 10 11 12 13 14 15 16 17 18 19 20 21 22 23 24 25 26 27 28 29 30 31 32 33 34 35 36 37 38 39 40 41 42 43 44 45 46 47 48 49 50
15 33
3 33
20 1
30 9
19 1
33 41
28 48
31 41
42 22
40 29
19 35
38 1
10 25
15 1
33 42
10 37
28 46
37 19
48 24
11 8
40 8
37 47
19 48
40 31
45 44
18 29
39 10
4 48
49 45
24 49
9 28
26 23
18 43
17 33
33 21
22 41
26 3
9 20
50 48
50 37
13 13
15 3
39 6
32 30
7 47
16 2
37 28
48 16
25 7
22 33
9 9
32 25
44 27
43 25
10 4
2 28
24 5
7 47
28 19
36 30
41 38
12 4
40 30
48 9
34 2
37 45
15 15
38 34
8 7
42 49
33 6
30 11
6 4
21 40
14 18
5 46
21 35
44 50
38 30
38 24