0
1
50
50
1 2 3 4 5 6 7 8 9 10 11 12 13 14 15 16 17 18 19 20 21 22 23 24 25 26 27 28 29 30 31 32 33 34 35 36 37 38 39 40 41 42 43 44 45 46 47 48 49 50
1 9 94
3 32 28
6 49 40
6 27 87
9 18 42
10 16 80
10 5 53
10 38 13
11 31 90
12 6 27
12 32 44
13 38 19
13 31 68
13 8 44
14 49 15
14 31 98
14 32 82
15 12 90
16 48 55
18 25 48
20 31 7
21 1 5
22 46 31
22 18 83
22 48 58
22 49 99
23 30 19
26 12 89
27 50 10
31 49 18
32 26 46
32 34 90
33 37 34
33 30 8
34 5 35
34 10 57
35 33 98
35 28 53
36 43 61
36 46 91
38 27 7
40 31 14
41 27 15
42 20 75
42 25 2
43 9 41
44 15 14
48 36 60
49 46 1
50 48 4