1
1
50
80
1 2 3 4 5 6 7 8 9 10 11 12 13 14 15 16 17 18 19 20 21 22 23 24 25 26 27 28 29 30 31 32 33 34 35 36 37 38 39 40 41 42 43 44 45 46 47 48 49 50
1 26 35
1 40 29
1 20 96
3 19 52
4 32 57
4 33 14
6 25 56
8 38 4
10 3 80
10 17 5
10 12 60
11 20 70
11 2 55
13 15 39
14 8 69
15 45 12
15 32 1
15 31 43
16 38 32
18 39 40
18 29 6
18 11 83
19 2 67
19 46 77
19 37 31
20 45 36
20 25 68
21 24 11
21 33 42
23 27 10
24 41 9
24 27 89
24 40 33
25 22 66
25 40 89
25 31 8
25 13 56
26 35 42
26 31 2
26 42 16
27 20 19
27 25 8
28 15 42
30 48 60
30 28 11
31 3 88
31 46 12
33 15 67
33 43 52
34 15 23
34 38 17
34 17 66
35 25 78
35 39 65
36 25 95
36 43 49
37 22 83
37 45 13
37 44 75
37 42 4
38 32 73
39 26 97
40 28 25
40 17 57
41 36 30
41 45 67
42 41 31
43 9 80
43 14 98
44 43 56
45 16 88
46 4 45
47 37 22
47 48 13
48 11 84
48 18 93
49 27 21
49 28 73
50 37 92
50 38 15